001 002 081 001 003 376 001 005 348 001 006 872 001 007 076 001 009 999 001 011 223 
001 013 673 001 014 804 001 015 775 001 016 123 001 017 940 001 019 669 001 020 796 001 021 588 
001 022 537 001 023 767 001 024 240 001 025 792 001 026 688 001 027 015 001 029 816 001 030 562 001 031 372 
001 032 690 001 033 223 001 034 104 001 036 022 001 037 019 001 038 568 
001 042 751 001 044 984 001 045 856 001 046 429 001 047 230 001 050 201 001 051 565 
001 052 191 001 054 117 001 056 594 001 057 380 001 058 996 001 060 224 
001 064 869 001 065 719 001 066 064 001 067 386 001 069 351 001 070 418 
001 072 792 001 073 832 001 074 302 001 075 110 001 076 628 001 077 246 001 079 273 001 080 427 001 081 685 
001 082 333 001 083 973 001 084 425 001 085 119 001 086 576 001 087 389 001 088 916 001 089 797 001 090 750 
001 092 637 001 093 149 001 094 600 001 095 307 001 096 331 001 097 158 001 098 442 001 099 825 001 100 012 
002 005 286 002 006 998 002 007 623 002 008 415 002 009 974 002 010 301 002 011 250 002 012 310 002 013 726 
002 014 310 002 015 326 002 017 173 002 018 547 002 019 649 002 020 729 002 022 327 002 023 964 
002 024 224 002 025 532 002 026 069 002 027 424 002 030 932 002 031 468 002 032 877 
002 034 942 002 035 477 002 036 534 002 037 870 002 038 009 002 040 828 002 042 261 002 043 684 
002 044 277 002 045 247 002 047 804 002 048 646 002 049 197 002 050 957 002 051 803 002 052 704 
002 055 288 002 057 132 002 059 660 002 060 615 002 061 613 002 062 495 002 063 370 
002 064 170 002 065 004 002 068 519 002 069 975 002 070 504 002 071 042 002 072 900 002 073 289 
002 074 186 002 077 322 002 078 279 002 079 732 002 080 730 002 081 757 002 082 711 002 083 678 
002 084 405 002 085 459 002 086 240 002 087 970 002 088 986 002 089 055 002 090 281 002 091 484 002 093 482 
002 094 582 002 097 935 002 098 235 002 099 229 002 100 634 003 005 364 
003 007 223 003 008 963 003 009 877 003 010 309 003 011 079 003 012 809 003 013 253 003 014 985 003 015 147 003 016 782 
003 018 242 003 019 585 003 022 466 003 023 386 003 024 859 
003 027 664 003 029 023 003 030 341 003 031 006 003 032 790 003 035 368 003 036 340 
003 037 277 003 039 550 003 040 004 003 041 181 003 042 099 003 044 090 003 045 987 003 046 921 
003 048 646 003 049 162 003 050 406 003 052 859 003 053 588 003 054 023 003 056 858 
003 057 812 003 059 736 003 061 851 003 062 433 003 063 327 003 064 474 003 066 496 
003 067 056 003 068 816 003 069 363 003 071 792 003 072 027 003 073 908 003 074 056 003 075 106 003 076 455 
003 077 879 003 080 478 003 083 963 003 085 068 
003 087 376 003 088 275 003 089 093 003 092 328 003 094 702 
003 097 212 003 098 516 003 099 275 003 100 173 004 005 014 004 007 093 004 008 399 004 009 912 004 010 196 
004 011 047 004 012 719 004 013 370 004 015 919 004 017 764 004 018 776 004 019 921 004 020 872 
004 021 316 004 022 897 004 023 182 004 025 999 004 026 907 004 030 914 
004 031 243 004 032 805 004 033 828 004 034 084 004 037 357 004 039 221 004 040 938 
004 041 170 004 042 478 004 044 834 004 046 454 004 047 366 004 048 959 004 050 238 
004 051 270 004 052 558 004 053 749 004 054 063 004 055 219 004 057 987 004 058 056 004 059 181 
004 061 375 004 062 701 004 063 184 004 065 456 004 067 310 004 069 026 004 070 688 
004 072 907 004 073 082 004 074 270 004 075 484 004 080 104 
004 081 230 004 082 580 004 084 233 004 085 446 004 086 987 004 088 961 004 089 329 004 090 638 
004 091 959 004 092 838 004 093 151 004 095 477 004 096 120 004 097 896 004 099 144 004 100 036 
005 007 117 005 008 048 005 009 554 005 012 077 005 013 441 005 014 125 005 015 198 
005 016 555 005 017 977 005 021 201 
005 026 953 005 027 064 005 029 788 005 030 728 005 031 970 005 032 652 005 034 299 005 035 105 
005 037 117 005 038 009 005 039 299 005 041 575 005 043 219 005 045 229 
005 047 859 005 048 282 005 049 481 005 050 191 005 051 763 005 052 835 005 053 062 005 054 156 005 055 530 
005 057 933 005 058 370 005 059 684 005 060 428 005 061 168 005 062 861 005 063 532 005 064 861 005 065 459 
005 066 706 005 067 628 005 068 561 005 069 376 005 070 036 005 071 908 005 072 193 005 073 114 005 075 079 
005 076 484 005 077 156 005 080 270 005 083 051 005 084 873 
005 087 958 005 088 609 005 090 518 005 091 258 005 093 756 005 094 805 005 095 758 
005 098 509 005 099 468 005 100 730 006 007 659 006 008 043 006 009 333 006 010 658 006 011 299 
006 012 461 006 013 554 006 015 334 006 016 636 006 017 544 006 019 011 006 020 127 006 021 116 
006 022 621 006 023 327 006 024 701 006 025 455 006 026 195 006 027 457 006 028 379 006 030 034 006 031 231 
006 032 015 006 033 399 006 034 841 006 035 015 006 036 452 006 039 184 006 040 112 006 041 529 
006 042 726 006 043 706 006 044 586 006 045 515 006 046 277 006 049 232 006 050 205 006 051 924 
006 053 165 006 054 344 006 056 315 006 057 487 006 058 572 006 059 258 006 061 743 
006 062 349 006 064 757 006 066 093 006 069 056 006 070 945 006 071 230 
006 072 825 006 073 702 006 075 895 006 076 764 006 077 403 006 078 620 006 079 587 006 080 705 006 081 812 
006 082 097 006 083 173 006 084 134 006 085 583 006 086 617 006 087 149 006 088 258 006 091 446 
006 092 387 006 094 337 006 095 809 006 096 261 006 097 376 006 098 947 006 099 363 006 100 477 007 008 037 
007 009 912 007 010 677 007 012 084 007 017 495 007 018 279 
007 020 443 007 021 370 007 022 510 007 023 989 007 024 625 007 025 328 007 026 651 007 027 601 007 028 517 
007 029 452 007 030 403 007 031 173 007 032 630 007 034 897 007 035 728 007 036 264 007 038 779 
007 040 567 007 042 469 007 043 898 007 044 700 007 045 424 007 046 260 007 048 279 
007 049 022 007 051 441 007 053 201 007 054 831 007 055 925 007 057 142 007 058 030 
007 059 617 007 060 565 007 062 426 007 063 418 007 064 545 007 065 050 007 067 861 
007 069 394 007 071 974 007 072 861 007 073 830 007 074 686 007 075 873 007 076 830 007 078 331 
007 079 600 007 082 831 007 083 127 007 084 548 007 085 693 007 087 028 
007 089 338 007 091 386 007 093 498 007 094 028 007 095 704 007 096 487 007 098 870 
007 099 870 007 100 095 008 009 195 008 010 375 008 011 264 008 013 036 008 014 168 008 015 958 008 016 009 
008 018 441 008 019 874 008 020 309 008 021 786 008 022 835 008 023 547 008 025 110 008 026 393 
008 027 898 008 028 412 008 029 204 008 031 188 008 032 918 008 033 656 008 035 272 008 036 232 
008 037 964 008 041 246 008 043 749 008 045 204 
008 047 183 008 048 334 008 050 924 008 052 517 008 053 214 008 054 011 008 055 247 008 056 699 
008 057 180 008 059 097 008 060 600 008 061 805 008 063 807 008 065 877 008 066 237 
008 067 946 008 068 963 008 069 489 008 070 231 008 071 559 008 072 204 008 073 818 008 075 783 
008 077 743 008 078 431 008 080 924 008 081 834 008 082 102 008 083 544 008 084 237 008 085 911 008 086 357 
008 087 042 008 088 844 008 090 260 008 091 767 008 092 509 008 093 588 008 094 999 008 095 762 008 096 684 
008 098 180 008 100 504 009 010 559 009 012 104 009 013 377 009 014 183 009 015 016 
009 016 532 009 019 660 009 020 936 009 021 620 009 023 742 009 024 595 009 025 762 
009 027 547 009 028 251 009 029 664 009 031 718 009 032 406 
009 036 079 009 037 224 009 039 446 009 041 856 009 043 037 009 044 484 009 045 687 
009 046 702 009 048 357 009 050 212 009 051 050 009 053 357 009 054 627 
009 056 405 009 057 727 009 058 477 009 061 721 009 062 831 009 063 607 009 064 628 009 065 425 
009 066 533 009 069 641 009 070 559 009 072 250 009 073 355 009 074 396 009 075 814 
009 076 658 009 077 587 009 078 270 009 079 541 009 080 898 009 081 690 009 082 142 009 083 674 009 084 484 009 085 792 
009 086 833 009 087 487 009 088 868 009 089 242 009 090 730 009 091 088 009 092 498 009 093 364 009 094 443 009 095 337 
009 096 706 009 097 456 009 098 543 009 099 916 009 100 034 010 012 778 010 013 760 010 014 827 010 015 816 
010 016 090 010 017 030 010 018 484 010 019 560 010 020 103 010 021 142 010 022 219 010 023 656 010 025 666 
010 027 373 010 028 554 010 029 209 010 030 233 010 031 755 010 032 484 010 033 639 010 034 856 010 035 435 
010 036 964 010 037 530 010 038 495 010 040 895 010 041 888 010 042 936 010 043 180 010 045 336 
010 047 392 010 048 417 010 049 118 010 050 392 010 051 340 010 052 186 010 053 515 010 054 272 010 055 659 
010 056 456 010 057 531 010 058 100 010 059 803 010 060 334 010 063 659 010 065 897 
010 068 154 010 069 492 010 071 712 010 072 989 010 074 424 010 075 478 
010 076 484 010 077 593 010 079 643 010 080 121 010 081 572 010 082 015 010 083 455 010 084 894 
010 086 056 010 087 050 010 088 177 010 089 302 010 090 679 010 093 599 010 094 348 010 095 218 
010 096 013 010 097 158 010 098 896 010 099 180 011 012 510 011 014 568 011 015 842 011 016 191 
011 017 968 011 018 309 011 019 844 011 020 453 011 021 313 011 022 071 011 023 952 011 024 258 011 025 489 011 026 690 
011 027 531 011 028 744 011 029 996 011 030 286 011 031 428 011 032 914 011 034 292 011 035 048 011 036 875 
011 037 195 011 038 103 011 039 364 011 042 190 011 043 439 
011 047 477 011 048 090 011 049 313 011 050 938 011 053 505 011 054 751 011 056 102 
011 058 853 011 061 100 011 062 767 011 063 041 
011 068 893 011 069 063 011 070 627 011 071 063 011 072 873 011 073 067 011 074 300 011 075 229 011 076 105 
011 078 531 011 079 999 011 080 354 011 081 403 011 083 898 011 084 740 011 085 620 011 086 001 
011 087 945 011 089 677 011 090 543 011 093 264 011 095 624 011 096 188 
011 097 396 011 098 747 011 100 077 012 013 729 012 014 510 012 015 910 012 016 151 
012 020 571 012 021 497 012 022 413 012 023 287 012 025 454 
012 029 376 012 030 942 012 031 169 012 032 749 012 033 879 012 034 385 012 035 515 012 037 504 012 038 117 
012 039 866 012 042 649 012 043 245 012 045 697 012 046 110 012 047 482 012 048 008 
012 049 770 012 050 289 012 052 565 012 054 784 012 055 301 012 057 650 
012 060 802 012 062 405 012 064 335 012 065 372 012 066 258 012 067 541 
012 069 419 012 070 987 012 071 999 012 072 034 012 073 237 012 074 736 012 075 949 012 076 399 012 078 198 
012 080 973 012 081 951 012 083 911 012 084 919 012 085 786 012 087 545 012 088 065 
012 089 446 012 090 142 012 091 827 012 092 960 012 093 509 012 094 095 012 097 508 012 098 067 
012 100 301 013 015 334 013 016 029 013 017 883 013 018 021 013 019 649 013 020 896 
013 022 258 013 023 412 013 025 868 013 026 555 013 027 957 013 028 635 013 030 734 013 031 119 
013 032 604 013 033 286 013 035 543 013 037 705 013 040 693 013 041 224 
013 042 607 013 043 740 013 045 130 013 046 886 013 047 989 013 048 582 013 049 053 013 050 394 
013 052 823 013 054 851 013 055 105 013 056 127 013 057 583 013 058 806 013 059 964 013 060 804 013 061 651 
013 062 426 013 063 820 013 064 069 013 065 663 013 066 737 013 067 669 013 069 931 013 070 049 013 071 778 
013 072 671 013 073 607 013 074 492 013 075 996 013 076 845 013 077 027 013 079 729 013 081 536 
013 084 625 013 086 138 013 087 196 013 089 372 013 090 128 013 091 799 
013 092 370 013 093 006 013 094 614 013 095 481 013 097 910 013 099 953 013 100 909 014 015 288 
014 016 823 014 018 721 014 019 853 014 020 260 014 022 580 014 025 737 
014 026 559 014 027 924 014 028 522 014 029 494 014 030 126 014 031 677 014 032 919 014 033 550 014 034 029 
014 036 217 014 037 797 014 038 141 014 040 706 014 042 218 
014 046 999 014 049 639 014 050 403 014 051 386 014 052 439 014 054 349 014 055 522 
014 056 790 014 057 534 014 058 950 014 060 845 014 061 749 014 063 848 014 064 578 014 065 438 
014 066 819 014 068 273 014 069 391 014 070 158 014 071 026 014 072 229 014 074 414 014 075 338 
014 077 146 014 078 400 014 079 079 014 080 718 014 081 622 014 082 750 014 083 390 014 084 597 
014 086 272 014 087 407 014 089 120 014 090 496 014 092 125 014 093 086 014 094 859 014 095 960 
014 096 386 014 097 237 014 098 029 014 099 231 014 100 695 015 016 965 015 017 084 015 018 965 015 019 064 
015 021 040 015 024 574 015 025 025 015 026 818 015 029 177 015 030 649 
015 032 039 015 033 627 015 034 168 015 035 238 015 036 830 015 037 309 015 038 295 015 039 985 015 040 056 
015 041 914 015 042 079 015 043 201 015 044 034 015 045 963 015 047 924 015 049 047 
015 051 211 015 053 480 015 054 923 015 055 292 015 056 665 015 057 713 015 058 222 015 059 253 015 060 699 
015 061 340 015 062 084 015 063 034 015 065 392 015 066 606 015 067 368 015 069 812 
015 071 555 015 072 932 015 073 477 015 075 533 015 077 702 015 078 414 015 079 600 
015 083 790 015 085 431 015 086 578 015 088 736 015 090 485 
015 091 315 015 092 945 015 094 141 015 095 128 015 097 935 015 098 968 015 099 582 
016 017 973 016 018 833 016 019 233 016 020 546 016 021 547 016 022 583 016 023 247 016 024 729 016 025 869 016 026 158 
016 027 867 016 028 355 016 029 310 016 030 068 016 031 041 016 032 099 016 033 132 016 034 167 016 035 635 016 036 366 
016 039 379 016 040 754 016 041 204 016 042 869 016 043 833 016 044 816 016 045 854 
016 047 912 016 050 963 016 051 620 016 052 753 016 053 516 016 054 480 016 055 559 016 056 002 
016 057 936 016 059 140 016 060 222 016 061 737 016 062 975 016 063 555 
016 071 068 016 073 777 016 074 685 016 075 165 016 076 732 
016 078 767 016 079 741 016 080 595 016 082 047 016 084 898 016 086 407 
016 087 340 016 089 383 016 090 727 016 091 805 016 093 762 016 094 362 
016 097 610 016 098 424 016 100 793 017 018 945 017 019 454 017 020 432 017 021 779 017 022 133 017 023 299 
017 025 112 017 026 721 017 027 781 017 029 784 017 031 867 017 033 652 
017 034 896 017 037 336 017 038 539 017 039 744 017 041 769 017 042 152 017 043 349 
017 044 880 017 045 112 017 046 890 017 047 893 017 051 029 017 053 572 
017 054 490 017 055 257 017 057 452 017 058 741 017 059 334 017 060 715 017 061 610 017 062 568 017 063 809 
017 064 986 017 068 721 017 069 380 017 070 739 017 071 532 017 072 522 017 073 831 
017 075 503 017 076 242 017 077 611 017 078 464 017 079 198 017 080 274 017 081 571 017 082 898 017 083 446 
017 084 132 017 085 847 017 087 238 017 090 210 017 091 756 017 092 764 017 093 728 
017 094 012 017 095 320 017 098 922 017 099 336 018 019 424 018 020 168 018 021 035 
018 022 559 018 023 257 018 024 043 018 025 378 018 026 203 018 027 334 018 028 365 018 030 425 018 031 380 
018 032 141 018 033 425 018 034 861 018 035 412 018 036 021 018 037 217 018 040 368 018 041 286 
018 044 099 018 045 911 018 047 524 018 048 196 018 049 359 018 050 781 018 051 210 
018 052 784 018 053 030 018 055 719 018 056 489 018 057 205 018 058 725 018 059 362 018 060 936 018 061 071 
018 063 474 018 064 503 018 065 830 018 068 651 018 070 971 018 071 596 
018 073 684 018 074 377 018 075 201 018 076 677 018 078 068 018 080 281 018 081 828 
018 083 354 018 084 861 018 085 355 018 086 541 018 087 608 018 089 968 018 090 582 
018 092 530 018 093 400 018 095 903 018 096 177 018 098 877 
019 021 440 019 023 048 019 024 854 019 028 994 019 029 905 019 030 238 
019 031 601 019 032 432 019 033 760 019 034 417 019 036 755 019 038 572 019 039 853 
019 041 208 019 042 139 019 045 438 019 046 897 019 047 050 019 049 739 019 050 461 
019 052 767 019 053 168 019 055 387 019 056 988 019 057 678 019 058 093 019 060 741 
019 062 386 019 063 741 019 064 609 019 065 782 019 066 831 019 069 366 019 070 821 
019 072 407 019 073 921 019 074 856 019 075 127 019 076 480 019 078 016 019 079 170 
019 081 523 019 082 533 019 084 287 019 085 362 019 087 118 019 088 191 019 090 594 
019 091 742 019 092 081 019 093 897 019 094 767 019 095 212 019 097 515 019 098 667 019 099 718 019 100 933 
020 021 789 020 022 816 020 024 058 020 025 089 020 026 119 020 030 077 
020 032 432 020 033 933 020 034 071 020 035 750 020 038 305 020 039 587 020 040 013 
020 042 907 020 043 697 020 046 246 020 048 454 020 049 604 020 050 406 
020 051 989 020 052 287 020 053 699 020 054 816 020 057 506 020 058 277 020 059 054 
020 061 169 020 062 687 020 063 753 020 065 329 020 066 260 020 067 869 020 068 964 020 069 896 020 070 593 
020 071 833 020 072 991 020 073 205 020 074 937 020 075 221 020 077 788 020 078 638 020 079 676 020 080 242 
020 081 820 020 082 935 020 083 687 020 084 100 020 085 911 020 088 480 020 089 314 020 090 860 
020 092 877 020 094 175 020 095 719 020 098 156 020 099 309 020 100 961 
021 022 099 021 024 128 021 025 646 021 026 492 021 027 300 021 029 348 021 031 856 
021 032 333 021 034 282 021 035 783 021 036 886 021 038 979 021 040 431 021 041 756 
021 042 011 021 043 268 021 045 548 021 046 445 021 047 965 021 049 853 021 050 742 021 051 758 
021 052 333 021 053 166 021 055 992 021 056 601 021 058 855 021 059 715 021 060 334 021 061 908 
021 063 531 021 065 459 021 066 533 021 067 117 021 068 506 021 069 478 021 070 957 021 071 539 
021 073 079 021 074 747 021 076 996 021 078 716 021 079 968 021 081 107 
021 083 170 021 084 749 021 085 113 021 086 513 021 087 223 021 088 611 021 089 231 021 091 310 
021 092 690 021 093 029 021 094 337 021 095 088 021 096 688 021 097 769 021 098 398 021 100 009 
022 024 870 022 026 957 022 027 859 022 028 491 022 030 936 022 031 009 022 032 236 022 033 585 
022 035 354 022 036 987 022 037 442 022 038 910 022 039 867 022 041 517 022 042 910 022 043 209 
022 044 777 022 045 854 022 046 688 022 047 848 022 048 901 022 049 975 022 050 387 022 051 029 022 052 893 022 053 958 
022 054 173 022 056 478 022 057 090 022 059 951 022 060 634 022 061 719 022 062 802 022 063 607 
022 067 620 022 068 407 022 070 015 022 071 861 022 073 611 
022 074 947 022 076 048 022 078 992 022 079 331 022 080 413 022 081 431 022 082 594 022 083 335 
022 086 781 022 087 393 022 088 580 022 090 536 022 091 426 022 093 209 
022 094 299 022 095 530 022 096 294 022 097 363 022 098 884 022 100 510 023 024 112 023 025 272 023 026 893 
023 027 180 023 031 354 023 032 972 023 035 898 023 036 417 
023 037 243 023 041 002 023 042 704 023 044 407 023 045 014 
023 047 305 023 048 803 023 050 530 023 051 041 023 052 749 023 053 247 023 054 702 023 055 727 023 056 807 
023 059 559 023 060 334 023 061 968 023 062 337 023 063 120 023 064 586 023 065 128 023 066 237 
023 069 736 023 070 621 023 071 989 023 072 240 023 073 242 023 074 666 023 075 470 023 076 883 
023 077 945 023 078 058 023 079 912 023 083 452 023 085 520 023 086 342 
023 087 305 023 088 184 023 089 636 023 091 022 023 092 323 023 094 972 023 096 765 
023 097 775 023 098 292 023 099 810 023 100 385 024 025 632 024 026 105 024 027 203 024 028 814 024 029 760 024 030 543 
024 031 769 024 032 602 024 033 873 024 034 438 024 035 775 024 037 786 024 039 776 024 040 672 
024 041 729 024 042 112 024 046 505 024 048 831 024 049 354 024 050 323 
024 055 429 024 056 711 024 057 651 024 058 715 024 060 258 
024 061 049 024 062 895 024 063 051 024 065 342 024 067 582 024 068 390 024 069 348 024 070 848 
024 071 692 024 072 578 024 073 825 024 074 349 024 075 051 024 076 691 024 077 673 024 078 974 024 079 756 024 080 483 
024 082 550 024 086 996 024 087 334 024 088 559 024 090 323 
024 092 701 024 095 027 024 096 636 024 097 753 024 099 141 024 100 851 
025 026 756 025 028 154 025 029 322 025 030 224 025 031 531 025 032 851 025 034 196 025 035 818 
025 036 523 025 037 158 025 038 170 025 040 887 025 041 679 025 042 947 025 043 806 025 045 008 
025 046 028 025 047 089 025 049 910 025 050 009 025 051 193 025 053 246 025 054 505 
025 056 379 025 057 376 025 059 118 025 061 799 025 063 659 
025 066 599 025 067 597 025 068 757 025 069 529 025 072 081 025 073 844 025 074 419 025 075 569 
025 077 468 025 078 770 025 079 086 025 080 742 025 081 294 025 082 767 025 085 620 
025 086 623 025 088 113 025 089 782 025 091 820 025 092 968 025 094 557 025 095 414 
025 096 712 025 097 022 025 098 274 025 099 399 025 100 545 026 027 755 026 029 271 026 030 350 026 031 173 
026 033 981 026 035 600 026 036 170 026 037 368 026 038 394 026 039 669 026 040 778 026 041 055 
026 042 342 026 043 581 026 044 594 026 046 743 026 047 989 026 049 160 026 050 672 026 051 978 
026 052 194 026 054 125 026 055 519 026 056 854 026 057 448 026 058 945 026 060 247 026 061 866 
026 062 191 026 064 699 026 065 802 026 066 383 026 067 558 026 068 126 026 069 440 026 070 235 
026 073 750 026 074 762 026 076 834 026 077 550 026 079 860 026 080 091 026 081 544 
026 082 625 026 083 056 026 085 440 026 086 604 026 087 931 026 088 050 026 089 264 026 090 819 
026 092 497 026 093 466 026 095 533 026 096 851 026 097 856 026 098 223 026 100 230 027 028 023 
027 029 298 027 031 628 027 034 218 027 035 151 027 036 050 027 038 596 
027 039 315 027 040 750 027 041 994 027 042 316 027 043 139 027 044 385 027 045 125 027 047 887 027 048 503 
027 050 120 027 051 036 027 052 221 027 053 028 027 054 036 027 055 324 027 056 567 027 058 359 
027 059 464 027 060 284 027 061 734 027 062 728 027 063 516 027 065 958 027 066 126 027 067 586 027 068 855 
027 071 249 027 072 617 027 076 604 027 077 247 027 078 105 
027 079 468 027 080 581 027 081 608 027 083 753 027 085 312 027 086 648 027 087 921 027 088 959 
027 091 510 027 092 142 027 093 049 027 094 097 027 097 103 027 098 158 
027 099 338 027 100 091 028 029 245 028 030 949 028 031 197 028 033 032 028 036 088 
028 037 188 028 038 693 028 040 586 028 042 545 028 043 390 028 044 888 028 046 240 
028 047 519 028 049 308 028 051 744 028 054 209 028 055 872 028 056 883 
028 058 489 028 059 999 028 062 006 028 063 312 028 064 925 028 065 484 028 066 552 
028 067 347 028 068 047 028 069 978 028 071 086 028 074 417 028 075 925 028 076 183 
028 077 580 028 079 544 028 080 043 028 081 064 028 082 029 028 083 932 028 084 734 028 085 464 028 086 791 
028 087 188 028 089 076 028 091 162 028 092 004 028 093 575 028 094 880 028 095 288 028 096 207 
028 097 153 028 099 700 029 030 074 029 032 820 029 033 210 029 034 953 029 035 848 
029 036 030 029 037 635 029 038 804 029 039 517 029 040 427 029 043 428 029 044 076 029 045 315 
029 046 172 029 048 861 029 051 641 029 052 042 029 053 945 029 054 508 029 055 810 
029 058 887 029 061 763 029 062 516 029 063 069 029 064 386 029 065 092 
029 066 012 029 067 959 029 068 999 029 069 706 029 070 448 029 072 984 029 073 403 029 074 781 
029 076 567 029 077 653 029 078 205 029 079 102 029 080 594 029 081 201 029 082 516 029 083 471 029 085 077 
029 086 160 029 087 677 029 088 869 029 089 314 029 090 805 029 092 197 029 094 464 029 095 235 
029 096 608 029 099 894 029 100 594 030 031 078 030 032 895 030 033 181 030 034 040 030 035 680 
030 038 958 030 039 446 030 040 205 030 042 868 
030 046 298 030 049 233 030 051 739 030 052 765 030 053 944 030 054 516 030 055 663 
030 056 197 030 057 923 030 058 159 030 059 470 030 060 539 030 061 588 030 062 502 
030 067 023 030 068 550 030 069 996 030 072 858 030 073 352 030 074 242 
030 076 088 030 077 765 030 078 281 030 081 173 030 084 357 030 085 848 
030 087 992 030 088 117 030 089 357 030 092 246 030 093 698 030 094 572 030 095 218 
030 097 232 030 098 198 030 100 666 031 032 042 031 034 259 031 035 510 031 036 159 
031 038 674 031 039 576 031 042 676 031 045 964 031 046 868 
031 047 678 031 048 958 031 049 856 031 050 739 031 051 742 031 052 706 031 053 349 031 055 405 031 056 975 
031 057 883 031 058 890 031 059 364 031 061 509 031 064 225 031 065 469 031 066 214 
031 068 244 031 069 090 031 071 999 031 072 506 031 073 513 031 074 705 031 076 119 
031 078 469 031 079 792 031 081 621 031 082 320 031 083 945 031 084 474 031 085 589 031 086 251 
031 091 323 031 092 212 031 094 065 031 095 063 031 096 754 
031 097 201 031 100 352 032 033 173 032 034 032 032 035 988 032 036 273 032 037 705 032 038 302 
032 043 266 032 044 834 032 045 338 
032 049 053 032 050 775 032 051 562 032 052 944 032 053 204 032 054 014 032 055 181 032 057 809 032 058 452 
032 059 713 032 060 861 032 061 728 032 062 950 032 063 474 032 064 099 032 066 951 032 067 377 032 068 844 
032 069 790 032 071 175 032 072 883 032 073 195 032 074 756 032 075 942 032 076 832 032 077 197 
032 079 476 032 080 001 032 081 669 032 082 651 032 083 225 032 084 188 032 085 711 032 086 666 032 087 812 032 088 587 
032 089 574 032 090 608 032 092 569 032 094 196 032 095 741 032 098 697 
032 099 268 032 100 867 033 034 945 033 037 282 033 039 868 033 040 090 033 041 964 
033 042 320 033 044 149 033 045 576 033 046 445 033 047 886 033 048 971 033 049 167 033 051 978 
033 053 229 033 055 309 033 056 732 033 057 926 033 058 112 033 059 671 033 061 851 
033 062 327 033 063 775 033 064 966 033 066 504 033 067 669 033 069 217 033 071 704 
033 072 023 033 073 789 033 074 755 033 075 617 033 076 623 033 077 970 033 078 398 033 079 320 033 080 775 033 081 986 
033 082 001 033 084 100 033 085 972 033 086 392 033 087 699 033 088 188 033 089 701 033 090 601 033 091 032 
033 092 299 033 093 361 033 094 875 033 097 587 033 098 270 033 100 320 034 035 169 
034 037 594 034 038 789 034 040 244 034 041 313 034 042 835 034 043 495 034 044 855 034 045 089 
034 046 583 034 047 237 034 049 054 034 051 847 034 052 789 034 053 986 
034 056 077 034 058 767 034 060 179 034 062 359 034 064 432 034 065 335 
034 066 147 034 068 767 034 069 624 034 071 041 034 072 925 034 073 874 034 074 145 
034 077 697 034 078 537 034 080 960 034 082 723 034 083 063 034 084 492 
034 087 144 034 088 141 034 089 974 034 091 585 034 093 554 034 094 181 034 095 081 
034 097 149 034 098 285 034 100 258 035 036 324 035 037 923 035 038 939 035 039 166 035 040 230 
035 041 496 035 044 249 035 045 126 035 047 609 035 048 203 035 049 204 
035 051 453 035 053 314 035 054 308 035 055 392 035 056 873 035 057 688 035 058 947 035 059 625 
035 061 067 035 062 050 035 066 149 035 068 445 035 069 067 035 070 170 
035 072 756 035 075 357 035 076 911 035 077 965 035 078 466 035 080 071 
035 081 833 035 082 173 035 083 632 035 084 237 035 085 158 035 086 114 035 087 286 035 088 299 035 089 270 035 090 844 
035 091 526 035 092 504 035 093 071 035 094 006 035 098 231 035 099 963 
036 037 364 036 038 415 036 039 828 036 041 469 036 042 802 036 044 684 036 045 016 
036 047 104 036 048 464 036 049 554 036 050 450 036 051 606 036 052 281 036 053 503 036 054 985 036 055 744 
036 057 497 036 058 315 036 059 704 036 060 520 036 061 450 036 062 302 036 063 487 036 064 637 036 066 866 
036 067 025 036 069 078 036 070 610 036 071 322 036 073 578 036 074 307 036 075 242 036 076 169 
036 077 133 036 078 259 036 080 245 036 081 663 036 082 300 036 083 190 036 084 349 036 085 596 
036 087 613 036 088 440 036 089 314 036 090 880 036 091 702 036 094 009 036 095 660 036 096 819 
036 097 197 036 098 910 036 099 365 036 100 125 037 038 441 037 039 715 037 040 520 037 041 441 
037 045 028 037 046 517 037 047 627 037 048 476 037 049 029 037 050 344 037 051 363 037 053 179 
037 054 422 037 056 669 037 057 900 037 059 860 037 061 025 
037 064 782 037 065 464 037 066 415 037 067 858 037 069 578 037 070 188 037 071 944 037 072 197 037 073 047 
037 075 205 037 076 552 037 077 062 037 078 264 037 079 547 037 082 132 
037 084 621 037 085 337 037 086 469 037 087 127 037 089 910 037 090 845 037 091 823 037 092 214 037 093 810 
037 094 939 037 095 282 037 096 078 037 097 398 037 098 256 037 099 614 037 100 169 038 040 561 038 041 844 
038 042 985 038 043 103 038 046 004 038 047 600 038 049 106 038 050 557 
038 052 916 038 054 196 038 055 225 038 056 961 038 058 623 038 060 120 038 061 672 
038 062 537 038 063 534 038 065 184 038 066 698 038 067 820 038 068 937 038 069 491 038 070 672 038 071 363 
038 072 998 038 073 141 038 074 516 038 076 536 038 077 858 038 078 272 038 079 569 038 080 431 038 081 344 
038 085 243 038 086 069 038 087 841 038 089 147 038 090 945 038 091 908 
038 092 872 038 093 952 038 095 925 038 096 407 038 097 169 038 098 957 038 099 218 039 040 673 
039 041 229 039 044 427 039 045 279 039 046 557 039 048 184 039 049 964 039 050 264 
039 053 795 039 056 004 039 057 617 039 058 251 039 059 623 039 060 659 
039 061 607 039 062 601 039 063 182 039 065 988 039 066 543 039 068 502 039 069 860 039 070 992 
039 072 751 039 073 025 039 076 016 039 077 529 039 078 107 039 079 543 
039 081 536 039 082 047 039 083 089 039 084 516 039 085 520 039 086 341 039 090 886 
039 093 792 039 094 483 039 095 250 039 097 259 039 098 781 039 100 399 
040 041 113 040 042 758 040 044 494 040 045 483 040 046 407 040 047 874 040 048 009 040 049 379 040 050 412 
040 051 256 040 052 492 040 053 989 040 054 341 040 055 554 040 056 186 040 057 719 040 058 478 040 059 027 040 060 659 
040 061 263 040 062 474 040 064 113 040 065 076 040 066 411 040 067 627 040 068 919 040 069 999 040 070 165 
040 071 391 040 072 403 040 074 348 040 075 972 040 077 875 040 078 546 040 079 427 040 080 768 
040 081 635 040 082 470 040 083 476 040 084 474 040 085 867 040 086 706 040 087 077 040 088 543 040 089 335 040 090 387 
040 091 991 040 092 834 040 093 601 040 096 310 040 099 987 040 100 897 
041 043 984 041 044 783 041 045 546 041 046 051 041 047 578 041 048 916 041 049 405 041 050 786 041 051 923 
041 052 036 041 053 445 041 054 572 041 055 194 041 056 817 041 057 354 041 058 792 041 059 230 041 061 515 
041 062 544 041 063 340 041 064 102 041 065 029 041 066 166 041 067 957 041 068 180 041 069 364 041 070 334 041 071 054 
041 072 120 041 073 378 041 074 692 041 075 663 041 076 238 041 077 422 041 078 247 041 079 944 
041 082 039 041 083 880 041 084 398 041 085 984 041 088 249 041 090 398 
041 092 086 041 093 823 041 094 610 041 096 321 041 097 485 041 098 053 042 043 428 
042 044 636 042 045 560 042 047 585 042 048 749 042 049 456 042 050 180 042 052 585 042 053 926 
042 054 844 042 055 047 042 056 074 042 057 363 042 058 641 042 059 048 042 060 602 042 061 281 042 063 994 
042 064 932 042 065 715 042 066 490 042 069 779 042 070 495 042 071 617 042 072 511 042 073 684 
042 074 236 042 075 750 042 076 533 042 077 001 042 078 244 042 080 643 042 082 305 042 083 711 
042 085 685 042 086 988 042 087 425 042 089 611 042 090 933 042 091 861 042 092 344 042 093 316 
042 095 482 042 096 651 042 097 084 042 098 489 042 099 838 042 100 067 043 044 888 043 045 594 
043 047 259 043 051 242 043 053 651 043 054 739 043 055 588 
043 057 812 043 058 893 043 059 222 043 060 363 043 062 515 043 063 972 043 064 463 043 065 945 
043 068 432 043 070 789 043 071 121 043 072 964 043 073 883 043 074 105 043 075 001 043 076 754 
043 077 168 043 078 848 043 079 097 043 080 951 043 081 663 043 083 978 043 085 432 043 086 102 
043 087 274 043 088 191 043 089 870 043 090 806 043 091 456 043 092 321 043 093 274 043 094 405 043 096 361 
043 097 550 043 098 217 043 099 593 043 100 855 044 045 039 044 046 530 044 047 224 044 049 208 044 050 987 
044 051 113 044 052 959 044 053 426 044 055 673 044 057 520 044 058 221 044 059 581 
044 061 210 044 062 487 044 063 237 044 064 573 044 068 368 044 070 985 
044 071 183 044 072 344 044 074 559 044 076 792 044 077 944 044 078 194 
044 081 271 044 082 093 044 083 378 044 084 305 044 086 992 044 088 743 044 089 117 044 090 725 
044 091 588 044 092 848 044 093 730 044 094 855 044 095 091 044 097 760 044 098 860 044 099 932 044 100 526 
045 047 853 045 048 610 045 050 315 045 051 019 045 052 769 045 053 667 045 054 498 
045 056 407 045 057 743 045 059 750 045 060 468 045 063 203 045 064 441 045 065 604 
045 066 624 045 067 102 045 069 638 045 070 856 045 071 574 045 074 678 
045 076 446 045 077 037 045 078 935 045 079 481 045 080 259 045 081 973 045 082 971 045 083 404 045 084 571 045 085 120 
045 087 817 045 088 271 045 089 203 045 090 455 045 091 847 045 092 912 045 093 624 045 094 504 
045 096 648 045 097 890 045 098 103 045 099 673 045 100 435 046 048 572 046 050 517 046 051 401 
046 055 820 046 057 750 046 059 091 046 060 212 046 061 851 
046 062 349 046 063 471 046 064 907 046 065 256 046 066 568 046 067 023 046 068 103 046 069 760 046 071 742 
046 072 529 046 073 399 046 074 322 046 075 786 046 076 963 046 077 086 046 078 987 046 081 126 
046 082 809 046 085 779 046 087 314 046 088 180 046 090 208 046 091 470 
046 092 893 046 094 190 046 095 792 046 096 203 046 097 882 046 098 504 046 100 314 047 048 656 
047 049 667 047 050 519 047 051 702 047 053 830 047 054 074 047 056 708 047 057 671 047 058 567 
047 060 665 047 062 712 047 063 172 047 064 602 047 065 659 047 066 105 047 067 162 047 068 002 
047 072 145 047 073 271 047 074 835 047 075 796 047 076 151 
047 079 575 047 080 495 047 081 515 047 082 069 047 083 183 047 086 140 047 087 849 047 088 700 
047 089 662 047 091 058 047 092 425 047 095 030 047 096 964 047 097 539 047 098 296 
047 100 712 048 049 351 048 051 914 048 052 081 048 053 534 048 054 568 048 055 207 048 056 230 
048 058 524 048 059 112 048 060 494 048 061 324 048 062 183 048 063 716 048 065 989 048 066 663 
048 067 299 048 068 781 048 069 833 048 071 765 048 072 977 048 075 030 048 076 210 
048 077 615 048 078 671 048 080 056 048 081 183 048 083 182 048 085 782 048 086 711 
048 087 076 048 088 159 048 089 516 048 090 364 048 092 125 048 093 334 048 094 869 048 095 469 
048 097 936 048 098 923 048 099 979 048 100 392 049 050 750 049 051 911 049 052 478 049 053 831 049 054 786 049 055 362 
049 056 806 049 057 476 049 058 977 049 060 331 049 062 390 049 063 932 049 064 210 049 065 081 
049 068 627 049 069 620 049 070 006 049 071 818 049 073 884 049 074 945 049 075 887 
049 078 309 049 079 567 049 080 903 049 081 533 049 082 375 049 084 365 
049 086 075 049 087 299 049 089 921 049 090 872 049 091 653 049 092 768 049 093 048 049 094 324 049 095 721 
049 097 841 049 098 282 049 099 667 049 100 508 050 053 992 050 054 314 050 055 593 
050 057 677 050 058 386 050 059 585 050 060 036 050 061 309 050 062 663 050 063 691 050 064 364 050 065 783 
050 066 481 050 067 622 050 068 728 050 070 282 050 071 426 050 073 140 050 074 582 050 075 617 
050 077 986 050 078 574 050 079 303 050 080 079 050 082 182 050 084 315 050 085 429 
050 086 037 050 087 799 050 089 359 050 090 414 050 091 805 050 093 924 050 094 053 
050 096 067 050 097 749 050 099 016 051 052 951 051 053 390 051 054 734 051 056 571 
051 057 555 051 061 261 051 062 026 051 063 019 051 064 888 051 065 770 051 066 032 
051 067 390 051 068 433 051 070 068 051 071 844 051 072 573 051 073 086 051 074 214 051 075 218 051 076 788 
051 079 998 051 082 160 051 083 256 051 085 625 
051 088 042 051 089 127 051 090 028 051 091 898 051 092 620 051 093 645 
051 097 208 051 098 966 051 099 281 051 100 676 052 053 077 052 054 529 
052 059 249 052 060 645 052 062 334 052 063 597 052 065 497 052 066 999 052 067 786 
052 069 762 052 071 314 052 073 788 052 074 935 052 075 177 052 076 173 052 077 814 052 078 242 
052 079 394 052 080 245 052 081 856 052 083 628 052 084 662 052 086 029 052 087 663 052 088 326 
052 089 337 052 090 901 052 091 090 052 092 536 052 093 635 052 094 443 052 096 529 052 097 653 
052 100 184 053 056 004 053 057 497 053 058 680 053 059 674 053 060 925 053 061 803 
053 063 438 053 064 100 053 065 211 053 066 426 053 067 755 053 069 960 053 070 880 
053 073 152 053 074 204 053 075 700 053 076 621 053 077 331 053 078 628 053 079 744 053 081 847 
053 082 279 053 087 427 053 088 435 053 089 985 053 091 182 
053 092 601 053 094 713 053 095 303 053 096 190 053 097 387 053 099 433 053 100 508 054 055 504 
054 058 047 054 060 523 054 061 495 054 062 874 054 063 271 054 065 104 
054 066 628 054 067 347 054 068 918 054 071 858 054 072 201 054 073 121 054 074 887 
054 076 641 054 077 498 054 081 751 054 082 119 054 083 596 054 084 170 054 085 481 
054 086 881 054 087 295 054 089 806 054 090 517 054 092 238 054 093 414 054 095 428 
054 096 212 054 097 249 054 098 999 054 099 996 055 056 411 055 057 814 055 060 762 
055 061 497 055 062 672 055 063 061 055 065 578 055 067 328 055 068 947 055 069 271 
055 071 834 055 072 181 055 074 702 055 076 321 055 078 016 055 079 645 
055 081 716 055 082 939 055 083 027 055 084 323 055 085 230 055 086 676 055 088 755 055 089 838 055 090 905 
055 092 959 055 093 168 055 095 952 055 100 622 
056 057 726 056 059 162 056 060 218 056 061 786 056 065 309 056 066 258 
056 069 320 056 072 335 056 073 328 056 074 482 056 076 329 
056 077 162 056 078 793 056 079 516 056 080 576 056 081 660 056 083 828 056 085 389 
056 087 107 056 088 222 056 090 750 056 092 155 056 093 960 056 095 805 056 096 996 
056 097 454 056 099 854 057 058 607 057 059 795 057 060 160 057 061 013 057 062 534 
057 064 310 057 065 398 057 066 651 057 067 244 057 068 253 057 069 804 057 070 965 057 071 055 057 072 247 057 073 001 
057 074 008 057 076 529 057 078 595 057 081 726 057 082 125 057 083 947 
057 084 877 057 085 237 057 088 848 057 089 050 057 090 632 057 091 340 057 092 190 
057 095 544 057 096 050 057 099 154 057 100 637 058 059 788 058 060 700 058 061 838 
058 062 194 058 063 936 058 064 697 058 065 680 058 068 809 058 069 260 058 070 664 058 071 771 
058 072 651 058 074 912 058 075 918 058 076 606 058 077 907 058 078 918 058 080 923 058 081 711 
058 082 641 058 083 701 058 084 651 058 086 300 058 088 673 058 089 483 058 091 768 
058 092 713 058 093 678 058 096 560 058 099 687 058 100 086 
059 062 075 059 063 378 059 065 285 059 066 870 059 067 004 059 068 910 059 070 900 
059 072 435 059 074 823 059 075 146 059 076 502 059 078 723 059 079 726 059 080 559 
059 081 114 059 082 935 059 083 778 059 084 510 059 085 600 059 086 264 059 087 014 059 088 665 059 090 149 
059 091 146 059 092 362 059 093 314 059 094 294 059 095 296 059 096 968 059 097 341 059 098 950 059 099 347 059 100 485 
060 061 454 060 063 121 060 064 711 060 066 835 060 067 077 060 069 858 060 070 426 
060 072 775 060 073 663 060 074 041 060 076 950 060 077 555 060 078 713 060 079 482 060 080 522 
060 081 043 060 082 048 060 083 637 060 084 981 060 085 134 060 086 491 060 087 103 060 089 464 060 090 573 
060 091 652 060 092 008 060 093 303 060 095 947 060 096 037 060 097 373 060 098 585 060 099 323 060 100 133 
061 062 686 061 063 687 061 064 638 061 068 669 061 069 062 061 070 565 061 071 938 
061 072 236 061 074 645 061 075 050 061 076 368 061 077 625 061 079 907 061 080 646 061 081 047 
061 082 702 061 084 166 061 085 767 061 089 972 061 090 275 061 091 712 
061 092 924 061 093 261 061 094 991 061 096 352 061 097 958 061 098 765 061 099 505 061 100 919 
062 064 911 062 066 093 062 067 825 062 068 936 062 069 537 062 070 074 062 071 511 062 072 011 062 073 349 
062 074 014 062 075 485 062 076 911 062 077 019 062 079 802 062 081 557 
062 084 582 062 085 113 062 086 081 062 087 524 062 088 567 062 089 998 062 090 407 062 091 407 062 092 958 062 093 950 
062 094 533 062 095 782 062 098 412 062 099 361 062 100 380 063 064 685 063 066 768 
063 067 420 063 068 874 063 069 606 063 070 442 063 072 489 063 073 701 063 076 391 
063 077 352 063 078 981 063 079 205 063 081 921 063 082 888 063 083 324 063 085 858 
063 088 351 063 089 929 063 090 599 063 092 578 063 093 097 063 094 366 063 095 105 063 096 159 
063 097 372 063 098 042 063 099 351 063 100 874 064 067 809 064 068 030 064 070 636 
064 071 211 064 072 757 064 073 539 064 074 407 064 075 025 064 076 510 064 077 037 064 078 379 064 080 207 
064 081 841 064 082 225 064 083 196 064 086 575 064 087 013 064 089 901 064 090 079 
064 091 279 064 092 950 064 093 844 064 094 359 064 095 316 064 097 158 064 098 897 064 099 354 
065 066 210 065 067 524 065 069 480 065 070 985 065 071 146 065 072 730 065 074 179 
065 076 327 065 077 469 065 080 834 065 081 923 065 082 530 065 085 882 
065 086 351 065 087 110 065 088 805 065 089 539 065 090 587 065 091 797 065 092 107 065 094 711 065 095 235 
065 097 048 065 099 167 065 100 312 066 068 025 066 069 223 066 070 208 066 071 035 
066 072 029 066 073 090 066 074 998 066 075 250 066 076 061 066 077 375 066 078 230 066 079 679 
066 082 687 066 083 246 066 084 519 066 085 130 066 087 198 066 089 350 066 091 223 
066 092 208 066 094 708 066 095 597 066 096 796 066 099 884 
067 070 299 067 071 194 067 072 295 067 073 162 067 075 593 067 077 289 067 078 950 
067 080 768 067 081 936 067 083 558 067 085 981 067 086 222 067 088 457 
067 090 897 067 091 305 067 092 125 067 093 326 067 094 128 067 098 716 
067 099 344 067 100 106 068 069 483 068 070 021 068 071 211 068 072 361 068 073 797 
068 078 009 068 079 950 068 080 305 068 081 377 068 085 118 068 086 396 
068 087 365 068 088 310 068 089 585 068 090 053 068 092 508 068 093 050 068 094 204 068 095 483 
068 097 768 068 098 601 068 099 015 069 070 039 069 073 786 069 074 301 069 075 424 
069 077 224 069 078 068 069 079 775 069 081 809 069 082 786 069 083 344 069 084 806 069 085 075 
069 086 887 069 087 063 069 088 754 069 089 012 069 090 127 069 091 996 069 092 093 069 094 394 069 095 711 
069 097 701 069 098 848 069 099 867 069 100 296 070 071 890 070 072 120 070 073 726 070 074 886 070 075 817 
070 076 354 070 077 271 070 078 240 070 079 737 070 080 812 070 081 569 070 082 307 070 084 986 070 085 975 
070 086 807 070 090 181 070 092 399 070 095 232 
070 096 604 070 097 025 070 098 144 070 099 989 070 100 107 071 072 713 071 074 595 071 075 830 071 076 908 
071 077 025 071 079 366 071 080 869 071 081 741 071 083 338 071 084 126 071 085 537 071 086 387 
071 087 459 071 089 799 071 090 152 071 091 469 071 092 607 071 094 840 071 095 680 071 096 890 
071 098 165 071 099 968 071 100 851 072 074 937 072 075 586 072 076 212 072 078 022 
072 079 009 072 081 974 072 083 487 072 084 505 072 085 663 072 086 092 072 087 231 072 088 511 
072 089 053 072 091 803 072 092 831 072 094 546 072 095 961 072 096 755 072 097 595 072 098 021 
072 099 140 072 100 184 073 074 245 073 075 152 073 076 208 073 077 845 073 078 034 073 079 888 073 080 909 
073 082 138 073 083 554 073 086 679 073 087 282 073 088 599 073 091 558 
073 092 883 073 094 014 073 095 364 073 096 203 073 098 394 073 099 377 074 075 476 
074 076 701 074 077 469 074 078 529 074 079 953 074 080 944 074 081 035 074 082 314 074 084 301 074 085 868 
074 087 407 074 088 221 074 089 102 074 091 322 074 094 628 074 095 853 
074 096 032 074 097 531 074 098 422 074 100 581 075 076 509 075 078 377 075 079 981 075 080 510 
075 081 596 075 082 467 075 083 622 075 084 830 075 086 701 075 087 340 075 088 861 075 089 552 
075 091 025 075 092 188 075 093 559 075 094 288 075 097 246 075 098 438 075 100 999 
076 077 159 076 078 413 076 079 390 076 082 327 076 084 686 076 086 923 
076 087 526 076 088 639 076 090 448 076 091 622 076 092 505 076 093 009 076 094 643 076 095 048 
076 098 951 076 099 838 077 079 957 077 080 177 077 081 347 077 082 404 077 083 037 
077 084 223 077 085 394 077 087 404 077 089 167 077 090 744 
077 094 361 077 096 149 077 098 610 077 099 162 077 100 894 078 080 203 078 081 868 
078 083 333 078 087 656 078 088 056 078 089 295 078 091 099 
078 095 195 078 096 750 078 097 153 078 098 513 078 099 645 078 100 464 079 080 016 
079 081 680 079 082 448 079 083 905 079 084 912 079 085 051 079 086 673 079 087 890 079 088 146 079 090 246 
079 092 335 079 093 121 079 094 396 079 095 600 079 096 407 079 099 214 079 100 285 
080 081 734 080 083 302 080 085 607 080 087 042 080 088 092 080 089 756 080 090 263 
080 092 375 080 093 308 080 095 064 080 096 091 080 097 207 080 098 665 080 099 987 080 100 191 
081 082 195 081 084 198 081 085 949 081 086 277 081 087 162 081 088 201 081 089 086 081 090 415 081 091 677 
081 092 552 081 093 552 081 094 221 081 095 350 081 096 131 081 097 026 081 098 404 081 099 456 081 100 764 082 083 294 
082 084 860 082 085 123 082 086 219 082 087 840 082 089 131 082 090 974 082 091 463 082 092 441 082 093 831 
082 095 114 082 097 067 082 099 485 082 100 027 083 084 303 083 085 452 083 086 180 
083 087 289 083 088 001 083 089 301 083 090 127 083 091 845 083 092 201 083 093 700 083 095 084 083 096 372 
083 098 471 083 099 041 083 100 699 084 088 348 
084 091 818 084 092 329 084 094 987 084 095 158 084 096 960 084 098 128 084 099 008 084 100 092 
085 086 034 085 087 842 085 089 713 085 090 047 085 091 219 085 092 712 085 093 645 085 094 778 085 095 533 
085 096 016 085 097 909 085 098 210 085 100 897 086 087 526 086 088 457 
086 092 268 086 094 249 086 095 617 086 096 643 086 097 209 086 098 754 086 099 728 086 100 211 087 088 702 
087 089 942 087 090 327 087 092 944 087 093 179 087 096 907 087 097 541 087 098 858 
087 099 637 088 089 495 088 091 821 088 092 012 088 093 734 088 094 739 088 095 786 088 096 027 
088 098 175 088 100 599 089 090 726 089 093 901 
089 097 438 089 099 945 090 091 453 090 092 593 090 094 925 
090 096 292 090 097 777 090 098 517 090 099 270 091 094 305 091 095 471 
091 097 882 091 098 883 092 094 341 092 095 481 092 097 077 
092 099 281 093 094 344 093 095 209 093 096 426 093 097 946 093 098 125 093 099 522 093 100 313 094 095 259 
094 097 898 094 099 240 095 097 223 095 098 942 095 099 398 095 100 268 
096 097 341 096 098 728 096 099 537 096 100 063 097 098 522 097 099 194 097 100 078 098 099 812 098 100 595 099 100 702 
